Instance                     Baseline |    Min      Avg    Max    Std |    Avg%    Max% | Times (s)
------------------------------------------------------------------------------------------------------------------------
toy                               N/A |    370    379.0    380    3.0 |     N/A     N/A |   0.0s  [380, 380, 370, 380, 380, 380, 380, 380, 380, 380]
croatia_tv                       2203 |   2054   2096.1   2124   21.3 |   -4.9%   -3.6% |   0.7s  [2108, 2074, 2054, 2111, 2124, 2084, 2083, 2124, 2102, 2097]
germany_tv                       1553 |   1491   1522.1   1558   16.6 |   -2.0%   +0.3% |   0.2s  [1526, 1518, 1516, 1508, 1521, 1531, 1534, 1491, 1518, 1558]
kosovo_tv                        2587 |   2545   2568.2   2583   10.3 |   -0.7%   -0.2% |   0.7s  [2575, 2583, 2582, 2570, 2568, 2561, 2545, 2566, 2566, 2566]
netherlands_tv                   2636 |   2560   2590.7   2629   17.5 |   -1.7%   -0.3% |   0.7s  [2560, 2574, 2601, 2598, 2629, 2585, 2594, 2587, 2581, 2598]
uk_tv                            2266 |   2159   2195.7   2221   14.2 |   -3.1%   -2.0% |   3.5s  [2197, 2197, 2197, 2197, 2159, 2195, 2197, 2221, 2200, 2197]
usa_tv                           3601 |   3173   3203.1   3254   23.7 |  -11.0%   -9.6% |   2.9s  [3199, 3188, 3222, 3200, 3220, 3215, 3254, 3173, 3182, 3178]
australia_iptv                   4117 |   4167   4206.7   4250   20.9 |   +2.2%   +3.2% |   9.9s  [4205, 4206, 4167, 4250, 4197, 4202, 4204, 4196, 4207, 4233]
france_iptv                      4370 |   4286   4315.0   4335   14.7 |   -1.3%   -0.8% |   7.6s  [4331, 4295, 4318, 4335, 4319, 4286, 4321, 4323, 4318, 4304]
spain_iptv                       4555 |   4469   4489.7   4514   13.0 |   -1.4%   -0.9% |   9.0s  [4508, 4491, 4487, 4488, 4482, 4497, 4514, 4485, 4469, 4476]
uk_iptv                          5192 |   4974   5016.4   5059   25.7 |   -3.4%   -2.6% |   6.7s  [4995, 5003, 5057, 5023, 5007, 4996, 4974, 5026, 5024, 5059]
us_iptv                          4361 |   3765   3802.3   3841   22.1 |  -12.8%  -11.9% |  15.9s  [3789, 3797, 3787, 3826, 3765, 3821, 3796, 3818, 3841, 3783]
singapore_pw                     4316 |   4319   4325.3   4327    2.9 |   +0.2%   +0.3% |   8.2s  [4327, 4327, 4326, 4326, 4327, 4327, 4327, 4319, 4327, 4320]
canada_pw                        4628 |   4626   4652.7   4675   18.0 |   +0.5%   +1.0% |   7.6s  [4626, 4662, 4626, 4643, 4651, 4671, 4675, 4675, 4637, 4661]
china_pw                         2861 |   1887   1899.1   1913    8.0 |  -33.6%  -33.1% |   5.8s  [1905, 1901, 1901, 1906, 1891, 1887, 1901, 1913, 1887, 1899]

========================================================================================================================
SUMMARY
========================================================================================================================
Instances with avg >= baseline: 3/14
Instances with avg < baseline:  11/14
